DMM
0.00012529
0.00068743
-0.00080374
0.00051319
0.00046174
0.00042682
-0.00039699
0.00057249
-0.00111509
0.00024966
-0.00009562
0.00008896
0.00009235
0.00010341
-0.00031782
-0.00015164
-0.00014366
-0.00002531
-0.00004085
0.00027819
0.00026387
0.00070397
-0.00015956
-0.00010347
-0.00011322
0.00072838
0.00054799
0.00090737
0.00022340
0.00022146
-0.00033662
-0.00010156
-0.00021142
0.00005355
0.00006422
0.00046009
0.00005462
0.00016265
0.00016863
0.00023868
0.00024201
0.00031299
0.00014617
0.00041542
0.00009758
0.00059437
-0.00028946
-0.00007596
-0.00010811
-0.00011160
-0.00028507
-0.00015789
-0.00020265
0.00064391
0.00038709
0.00091026
0.00034449
0.00044992
0.00033291
0.00028100
-0.00025819
-0.00022697
-0.00022779
0.00005366
-0.00062940
0.00027909
-0.00026128
0.00069704
0.00015391
0.00062410
-0.00015885
0.00008307
-0.00078190
-0.00076642
-0.00074796
0.00108486
-0.00012353
0.00075104
-0.00093654
0.00025714
-0.00024351
0.00080211
-0.00024827
0.00056082
-0.00053255
-0.00032698
-0.00034229
0.00062011
0.00001682
0.00013862
-0.00066707
-0.00024172
-0.00046953
0.00026489
0.00028831
0.00065219
-0.00002514
-0.00002830
-0.00061625
0.00030959
0.00024892
0.00035481
-0.00011855
0.00003705
-0.00040876
-0.00001667
-0.00023376
-0.00022188
-0.00052533
0.00048021
-0.00053638
0.00049700
0.00049760
0.00060647
0.00019659
0.00057880
0.00014441
0.00013908
-0.00026620
-0.00028078
-0.00027287
0.00029454
0.00030311
0.00029537
0.00028893
0.00028307
0.00025688
0.00084773
-0.00011705
0.00023107
-0.00058439
-0.00051668
-0.00051038
-0.00041815
-0.00045136
-0.00018303
-0.00016959
-0.00010048
-0.00024315
0.00051188
-0.00071049
0.00014088
-0.00053430
0.00054857
0.00006381
0.00005333
0.00005871
0.00012744
0.00010559
0.00058047
0.00003980
0.00022849
0.00017337
0.00023496
0.00020865
0.00030876
-0.00031769
-0.00024681
-0.00159342
0.00041333
-0.00001763
0.00000381
-0.00041606
-0.00005594
-0.00011699
0.00067661
0.00006600
0.00034697
0.00029963
0.00041367
0.00036233
0.00036694
-0.00026444
0.00042587
0.00017407
0.00023263
0.00017285
0.00020652
0.00000756
0.00085498
-0.00089716
0.00031169
-0.00031652
0.00114156
-0.00004574
0.00006416
-0.00010014
-0.00011028
-0.00035312
-0.00002854
-0.00044667
0.00052547
0.00046453
0.00048296
0.00021138
0.00021240
0.00017936
0.00126303
0.00043767
0.00093469
0.00042297
0.00116764
-0.00050770
-0.00036542
-0.00178032
0.00145616
0.00036033
0.00042564
0.00043455
0.00042907
0.00043009
0.00040662
-0.00014932
0.00020788
0.00012167
0.00067397
0.00027277
0.00112189
-0.00057326
-0.00015042
-0.00019021
0.00144663
-0.00126791
0.00017818
-0.00145366
-0.00026309
-0.00019761
0.00009930
0.00009959
0.00108761
0.00077215
0.00076982
0.00059901
0.00101059
-0.00062412
0.00077785
-0.00078016
0.00054607
-0.00004783
0.00006772
0.00007225
0.00076512
-0.00034367
0.00020391
-0.00052054
0.00084171
0.00015990
0.00163429
-0.00014377
0.00007015
-0.00006106
-0.00004322
-0.00008479
0.00003126
-0.00010265
-0.00003584
-0.00043044
-0.00006541
-0.00069103
0.00015927
-0.00091635
0.00029832
-0.00082341
0.00020524
0.00004587
0.00008372
0.00009171
0.00016401
-0.00065625
-0.00013776
-0.00012208
0.00014131
-0.00037156
0.00069873
0.00015659
0.00019455
0.00004762
0.00005811
-0.00040905
0.00007836
-0.00020861
0.00025286
-0.00051088
0.00059365
0.00046684
0.00057283
-0.00046021
0.00029223
-0.00182445
-0.00024935
-0.00035191
0.00018535
0.00004836
0.00008509
-0.00063468
0.00027098
-0.00043094
-0.00019294
-0.00019339
-0.00016354
-0.00022055
0.00031816
0.00032235
0.00038734
0.00035450
0.00041259
-0.00014126
0.00010397
-0.00095713
0.00000334
-0.00017704
-0.00016534
-0.00016673
-0.00012800
-0.00113587
-0.00028312
-0.00029396
0.00032928
-0.00036139
0.00001167
-0.00005503
0.00047345
0.00006106
0.00073038
-0.00085285
-0.00005411
-0.00004106
0.00014615
-0.00005080
-0.00007397
-0.00035544
-0.00018805
-0.00049098
0.00006650
0.00006667
0.00008493
-0.00007354
-0.00007500
-0.00007431
0.00005943
-0.00057139
0.00031974
-0.00033022
-0.00018839
-0.00066657
-0.00025958
-0.00037391
-0.00038293
-0.00038530
0.00038146
0.00035146
0.00034745
-0.00017734
-0.00013451
-0.00016060
-0.00000285
-0.00063497
-0.00062638
-0.00060878
0.00056516
0.00048691
0.00057897
0.00001459
0.00153837
0.00017002
0.00019607
0.00021818
0.00034319
-0.00017944
0.00065247
-0.00043614
-0.00012021
-0.00035583
0.00018853
-0.00009155
0.00050140
-0.00015882
0.00075650
-0.00008523
0.00045949
-0.00016903
-0.00011424
-0.00016916
0.00002859
-0.00002004
-0.00002223
-0.00037915
-0.00003448
-0.00004545
-0.00002185
-0.00019199
-0.00020159
-0.00019935
0.00046339
-0.00028252
0.00002965
-0.00088881
0.00009504
-0.00012582
-0.00012773
-0.00014130
-0.00002804
-0.00041387
0.00073302
0.00067139
0.00067569
-0.00023423
-0.00016486
-0.00014907
0.00014411
0.00000623
0.00006221
0.00006556
0.00032847
-0.00025626
-0.00023793
-0.00070564
0.00004981
-0.00086762
0.00015158
-0.00017872
-0.00003317
-0.00052267
-0.00016684
-0.00028391
0.00048837
-0.00026255
0.00012786
-0.00041629
-0.00042978
-0.00108731
-0.00109346
-0.00111043
0.00039848
0.00040209
0.00042939
-0.00097198
0.00007286
-0.00000661
0.00011625
0.00012475
0.00021349
-0.00091642
-0.00016874
-0.00028774
0.00005703
-0.00009444
-0.00010447
-0.00015134
-0.00008237
-0.00074642
0.00052743
-0.00107842
-0.00011623
-0.00054822
-0.00030468
-0.00028898
0.00028821
0.00003827
0.00009968
-0.00044832
0.00056428
0.00043118
0.00044366
-0.00088888
0.00002363
-0.00085737
0.00024010
-0.00007440
0.00114583
-0.00052471
0.00118464
-0.00128634
-0.00016537
-0.00028617
0.00054207
-0.00004402
-0.00001533
-0.00079787
0.00059540
0.00021122
0.00067985
0.00029406
0.00040764
-0.00073925
0.00044342
-0.00075698
0.00058635
-0.00080149
0.00001304
-0.00002901
-0.00005137
-0.00061909
-0.00060968
-0.00083151
0.00028388
0.00029801
0.00107654
0.00086423
0.00081959
0.00026706
0.00030349
0.00031284
0.00030219
-0.00012277
0.00101261
-0.00023149
0.00085085
-0.00048792
-0.00049432
-0.00047884
0.00062525
-0.00001516
0.00074051
-0.00021275
-0.00021245
-0.00067818
-0.00002745
-0.00044594
-0.00017299
-0.00049017
0.00093844
0.00030889
0.00131509
0.00013300
0.00028604
0.00016632
0.00030925
-0.00024964
0.00076747
-0.00003610
0.00088192
0.00013858
0.00066192
0.00066221
0.00065893
-0.00080021
-0.00011990
-0.00017341
-0.00018228
-0.00054603
-0.00033036
-0.00117540
0.00069087
-0.00034632
-0.00034460
-0.00034509
0.00084063
-0.00044107
0.00048014
-0.00023060
0.00035423
-0.00131581
0.00064715
0.00027466
0.00064046
0.00064522
0.00072967
-0.00002032
-0.00000343
-0.00052392
0.00094532
0.00011511
0.00018900
-0.00025405
0.00045261
-0.00021692
0.00025077
-0.00009509
0.00011719
-0.00026658
0.00011867
-0.00027379
-0.00018147
-0.00055205
0.00080197
-0.00066760
-0.00030118
-0.00031395
-0.00031528
-0.00035621
-0.00029122
-0.00058862
0.00050445
-0.00041508
-0.00005295
-0.00009776
0.00062555
0.00050701
0.00082335
0.00027746
0.00082136
0.00022918
0.00049628
0.00050004
0.00048895
-0.00031375
0.00004371
-0.00033757
-0.00024922
-0.00083651
-0.00036194
-0.00161571
-0.00006667
-0.00006444
0.00043520
-0.00076685
-0.00023352
-0.00064577
0.00026496
-0.00004829
-0.00005747
-0.00009771
-0.00001669
-0.00071251
0.00004394
-0.00046221
0.00017501
-0.00043933
-0.00000949
-0.00008159
-0.00008352
-0.00015603
-0.00010402
-0.00018269
0.00006995
0.00005543
0.00076103
-0.00067612
-0.00022417
-0.00062067
0.00030444
0.00000086
0.00110309
0.00009487
0.00034615
-0.00009304
0.00031169
-0.00050956
-0.00040914
-0.00039019
-0.00001070
0.00001374
0.00004802
-0.00054809
0.00068207
0.00029747
0.00048719
-0.00000920
0.00046868
-0.00027128
-0.00020180
-0.00020714
0.00005344
-0.00019720
-0.00007755
-0.00039872
-0.00002819
-0.00028389
0.00009026
-0.00070518
0.00012922
0.00006399
0.00058055
-0.00053621
-0.00023847
-0.00045236
-0.00030493
-0.00030417
-0.00009531
-0.00015459
-0.00015389
-0.00033367
0.00048273
-0.00053308
0.00008654
-0.00018360
0.00042759
-0.00068992
0.00000439
-0.00061619
-0.00008484
-0.00018128
-0.00005408
-0.00017622
0.00024608
0.00023866
0.00047646
-0.00011392
-0.00011561
-0.00010208
0.00058615
0.00001173
0.00002963
-0.00086123
-0.00037475
-0.00040114
0.00057022
-0.00047880
0.00044528
-0.00070538
-0.00066545
-0.00064583
-0.00032967
-0.00072760
-0.00006399
-0.00035222
0.00034737
0.00020775
0.00050213
-0.00061842
0.00074648
-0.00024019
-0.00014350
-0.00015382
-0.00000049
-0.00001055
0.00004313
-0.00001654
0.00007747
-0.00050253
0.00024674
0.00019178
0.00023705
-0.00055180
0.00006538
0.00006760
0.00024001
-0.00050161
-0.00050442
-0.00053585
0.00031859
-0.00074903
0.00014225
0.00015269
0.00027735
-0.00049245
-0.00002270
-0.00011173
0.00037758
0.00001573
0.00006638
-0.00013318
-0.00012460
-0.00030330
0.00036216
0.00032562
0.00044617
0.00044402
0.00101463
-0.00068484
-0.00065996
-0.00107559
-0.00043749
-0.00070530
0.00040421
-0.00003137
0.00006101
-0.00025607
-0.00012178
-0.00010981
0.00033916
-0.00064376
-0.00004298
-0.00116106
0.00016973
-0.00023532
0.00032759
-0.00034619
0.00036840
-0.00019923
0.00005278
-0.00037587
0.00016729
0.00006460
0.00211326
0.00014269
0.00122524
0.00003913
0.00040844
0.00034401
0.00033340
-0.00010942
-0.00001046
-0.00045443
0.00128084
-0.00025801
-0.00026782
-0.00031866
0.00131225
-0.00074142
0.00015415
-0.00063923
0.00010343
-0.00022072
-0.00002118
-0.00001992
-0.00002922
-0.00038887
0.00122697
0.00109473
0.00111190
-0.00024189
-0.00025329
-0.00040010
0.00036579
-0.00057721
-0.00058632
-0.00057643
0.00019236
-0.00070755
-0.00069773
-0.00068573
-0.00038855
-0.00036685
0.00010876
-0.00077760
-0.00005224
-0.00024741
0.00047227
-0.00074106
-0.00009437
-0.00101924
0.00036479
-0.00060415
0.00050555
-0.00011124
0.00068963
0.00025564
0.00104926
-0.00037437
-0.00034288
-0.00036429
-0.00027941
-0.00034524
0.00141808
-0.00046211
-0.00020743
-0.00084610
0.00048903
-0.00069939
-0.00029516
-0.00031962
-0.00032513
-0.00035619
0.00005210
-0.00015471
0.00097689
-0.00047619
0.00049591
0.00051886
0.00065988
-0.00097460
-0.00006199
-0.00051801
-0.00023426
-0.00045169
-0.00045819
-0.00057629
-0.00002374
-0.00010533
0.00004011
-0.00037772
0.00016339
0.00001113
0.00037817
0.00030549
0.00030642
0.00024563
0.00086553
0.00001810
0.00011161
-0.00036506
0.00065438
0.00056739
0.00056602
0.00060179
0.00118800
0.00066786
0.00070872
-0.00039160
-0.00020553
-0.00114922
0.00042998
0.00007739
0.00019903
0.00019761
0.00059166
-0.00044367
-0.00044613
-0.00049669
0.00006834
-0.00028806
-0.00027832
-0.00041014
-0.00037926
-0.00036971
-0.00008246
-0.00116164
0.00023011
-0.00004792
0.00009871
-0.00082354
-0.00015886
-0.00021078
0.00093143
0.00025988
0.00044425
-0.00009872
0.00016344
-0.00059055
0.00092464
0.00093053
0.00088435
0.00033509
0.00032009
0.00032095
0.00033090
0.00008887
0.00009740
-0.00084495
0.00116617
-0.00116930
0.00092358
-0.00044589
-0.00037432
-0.00073261
-0.00069369
-0.00075622
0.00124687
-0.00015562
-0.00017040
-0.00021885
0.00003244
0.00000772
-0.00000084
-0.00042440
-0.00037101
-0.00094644
0.00040962
-0.00004594
-0.00001946
-0.00046669
0.00038836
0.00036368
0.00056183
0.00055221
0.00054274
-0.00056272
0.00007141
-0.00014613
0.00024771
-0.00054608
0.00022731
-0.00006556
-0.00004477
-0.00003717
-0.00003964
-0.00000740
0.00021067
-0.00009435
0.00027251
-0.00031674
-0.00029265
-0.00044052
-0.00040291
-0.00054194
-0.00019544
-0.00016770
0.00001215
0.00000920
0.00060290
-0.00006667
0.00048516
0.00045200
0.00062019
0.00015905
0.00017241
0.00017092
0.00055751
0.00047889
0.00047222
0.00042230
0.00041603
-0.00014340
0.00072008
-0.00041102
-0.00007764
-0.00007768
0.00111109
0.00046650
0.00172736
-0.00047436
-0.00009311
-0.00027949
0.00023316
-0.00063545
-0.00017762
-0.00094697
0.00050034
0.00045208
0.00087318
0.00085976
0.00084082
0.00007872
0.00015661
-0.00043441
0.00011039
0.00005659
0.00117075
-0.00046825
0.00047457
-0.00053518
-0.00031199
-0.00030298
-0.00031567
-0.00060978
0.00013261
-0.00022878
0.00046192
-0.00054848
0.00052954
0.00053215
0.00111973
0.00046143
0.00094659
-0.00077199
-0.00007801
-0.00026419
-0.00010565
-0.00009219
0.00002712
-0.00059337
-0.00056872
-0.00055998
-0.00014233
-0.00020662
0.00018606
-0.00149962
0.00025671
-0.00015605
-0.00010192
-0.00117060
0.00038393
-0.00027625
-0.00024754
-0.00072916
0.00070143
0.00013836
0.00038443
-0.00068888
0.00060437
0.00002749
0.00008504
-0.00027398
-0.00013680
-0.00021602
-0.00022912
-0.00064733
0.00003214
-0.00030252
-0.00026668
-0.00032118
0.00007825
-0.00004163
0.00002888
-0.00007944
0.00028498
-0.00155642
0.00016993
0.00011846
0.00105590
0.00097429
0.00125969
-0.00061005
0.00060017
-0.00072643
0.00028249
0.00023135
0.00027107
0.00020411
0.00020823
-0.00013829
0.00002054
-0.00049574
0.00176894
-0.00045200
-0.00044959
-0.00044646
-0.00009733
-0.00088997
-0.00088241
-0.00086975
0.00089850
0.00027539
0.00056944
0.00041261
0.00048086
-0.00021765
0.00018862
0.00015601
0.00016603
-0.00020285
0.00013310
0.00007341
0.00006723
-0.00054075
0.00037154
-0.00018937
-0.00016786
-0.00021235
0.00089025
-0.00015346
