DMM
0.00068743
0.00051319
0.00042682
0.00057249
0.00024966
0.00008896
0.00010341
-0.00015164
-0.00002531
0.00027819
0.00070397
-0.00010347
0.00072838
0.00090737
0.00022146
-0.00010156
0.00005355
0.00046009
0.00016265
0.00023868
0.00031299
0.00041542
0.00059437
-0.00007596
-0.00011160
-0.00015789
0.00064391
0.00091026
0.00044992
0.00028100
-0.00022697
0.00005366
0.00027909
0.00069704
0.00062410
0.00008307
-0.00076642
0.00108486
0.00075104
0.00025714
0.00080211
0.00056082
-0.00032698
0.00062011
0.00013862
-0.00024172
0.00026489
0.00065219
-0.00002830
0.00030959
0.00035481
0.00003705
-0.00001667
-0.00022188
0.00048021
0.00049700
0.00060647
0.00057880
0.00013908
-0.00028078
0.00029454
0.00029537
0.00028307
0.00084773
0.00023107
-0.00051668
-0.00041815
-0.00018303
-0.00010048
0.00051188
0.00014088
0.00054857
0.00005333
0.00012744
0.00058047
0.00022849
0.00023496
0.00030876
-0.00024681
0.00041333
0.00000381
-0.00005594
0.00067661
0.00034697
0.00041367
0.00036694
0.00042587
0.00023263
0.00020652
0.00085498
0.00031169
0.00114156
0.00006416
-0.00011028
-0.00002854
0.00052547
0.00048296
0.00021240
0.00126303
0.00093469
0.00116764
-0.00036542
0.00145616
0.00042564
0.00042907
0.00040662
0.00020788
0.00067397
0.00112189
-0.00015042
0.00144663
0.00017818
-0.00026309
0.00009930
0.00108761
0.00076982
0.00101059
0.00077785
0.00054607
0.00006772
0.00076512
0.00020391
0.00084171
0.00163429
0.00007015
-0.00004322
0.00003126
-0.00003584
-0.00006541
0.00015927
0.00029832
0.00020524
0.00008372
0.00016401
-0.00013776
0.00014131
0.00069873
0.00019455
0.00005811
0.00007836
0.00025286
0.00059365
0.00057283
0.00029223
-0.00024935
0.00018535
0.00008509
0.00027098
-0.00019294
-0.00016354
0.00031816
0.00038734
0.00041259
0.00010397
0.00000334
-0.00016534
-0.00012800
-0.00028312
0.00032928
0.00001167
0.00047345
0.00073038
-0.00005411
0.00014615
-0.00007397
-0.00018805
0.00006650
0.00008493
-0.00007500
0.00005943
0.00031974
-0.00018839
-0.00025958
-0.00038293
0.00038146
0.00034745
-0.00013451
-0.00000285
-0.00062638
0.00056516
0.00057897
0.00153837
0.00019607
0.00034319
0.00065247
-0.00012021
0.00018853
0.00050140
0.00075650
0.00045949
-0.00011424
0.00002859
-0.00002223
-0.00003448
-0.00002185
-0.00020159
0.00046339
0.00002965
0.00009504
-0.00012773
-0.00002804
0.00073302
0.00067569
-0.00016486
0.00014411
0.00006221
0.00032847
-0.00023793
0.00004981
0.00015158
-0.00003317
-0.00016684
0.00048837
0.00012786
-0.00042978
-0.00109346
0.00039848
0.00042939
0.00007286
0.00011625
0.00021349
-0.00016874
0.00005703
-0.00010447
-0.00008237
0.00052743
-0.00011623
-0.00030468
0.00028821
0.00009968
0.00056428
0.00044366
0.00002363
0.00024010
0.00114583
0.00118464
-0.00016537
0.00054207
-0.00001533
0.00059540
0.00067985
0.00040764
0.00044342
0.00058635
0.00001304
-0.00005137
-0.00060968
0.00028388
0.00107654
0.00081959
0.00030349
0.00030219
0.00101261
0.00085085
-0.00049432
0.00062525
0.00074051
-0.00021245
-0.00002745
-0.00017299
0.00093844
0.00131509
0.00028604
0.00030925
0.00076747
0.00088192
0.00066192
0.00065893
-0.00011990
-0.00018228
-0.00033036
0.00069087
-0.00034460
0.00084063
0.00048014
0.00035423
0.00064715
0.00064046
0.00072967
-0.00000343
0.00094532
0.00018900
0.00045261
0.00025077
0.00011719
0.00011867
-0.00018147
0.00080197
-0.00030118
-0.00031528
-0.00029122
0.00050445
-0.00005295
0.00062555
0.00082335
0.00082136
0.00049628
0.00048895
0.00004371
-0.00024922
-0.00036194
-0.00006667
0.00043520
-0.00023352
0.00026496
-0.00005747
-0.00001669
0.00004394
0.00017501
-0.00000949
-0.00008352
-0.00010402
0.00006995
0.00076103
-0.00022417
0.00030444
0.00110309
0.00034615
0.00031169
-0.00040914
-0.00001070
0.00004802
0.00068207
0.00048719
0.00046868
-0.00020180
0.00005344
-0.00007755
-0.00002819
0.00009026
0.00012922
0.00058055
-0.00023847
-0.00030493
-0.00009531
-0.00015389
0.00048273
0.00008654
0.00042759
0.00000439
-0.00008484
-0.00005408
0.00024608
0.00047646
-0.00011561
0.00058615
0.00002963
-0.00037475
0.00057022
0.00044528
-0.00066545
-0.00032967
-0.00006399
0.00034737
0.00050213
0.00074648
-0.00014350
-0.00000049
0.00004313
0.00007747
0.00024674
0.00023705
0.00006538
0.00024001
-0.00050442
0.00031859
0.00014225
0.00027735
-0.00002270
0.00037758
0.00006638
-0.00012460
0.00036216
0.00044617
0.00101463
-0.00065996
-0.00043749
0.00040421
0.00006101
-0.00012178
0.00033916
-0.00004298
0.00016973
0.00032759
0.00036840
0.00005278
0.00016729
0.00211326
0.00122524
0.00040844
0.00033340
-0.00001046
0.00128084
-0.00026782
0.00131225
0.00015415
0.00010343
-0.00002118
-0.00002922
0.00122697
0.00111190
-0.00025329
0.00036579
-0.00058632
0.00019236
-0.00069773
-0.00038855
0.00010876
-0.00005224
0.00047227
-0.00009437
0.00036479
0.00050555
0.00068963
0.00104926
-0.00034288
-0.00027941
0.00141808
-0.00020743
0.00048903
-0.00029516
-0.00032513
0.00005210
0.00097689
0.00049591
0.00065988
-0.00006199
-0.00023426
-0.00045819
-0.00002374
0.00004011
0.00016339
0.00037817
0.00030642
0.00086553
0.00011161
0.00065438
0.00056602
0.00118800
0.00070872
-0.00020553
0.00042998
0.00019903
0.00059166
-0.00044613
0.00006834
-0.00027832
-0.00037926
-0.00008246
0.00023011
0.00009871
-0.00015886
0.00093143
0.00044425
0.00016344
0.00092464
0.00088435
0.00032009
0.00033090
0.00009740
0.00116617
0.00092358
-0.00037432
-0.00069369
0.00124687
-0.00017040
0.00003244
-0.00000084
-0.00037101
0.00040962
-0.00001946
0.00038836
0.00056183
0.00054274
0.00007141
0.00024771
0.00022731
-0.00004477
-0.00003964
0.00021067
0.00027251
-0.00029265
-0.00040291
-0.00019544
0.00001215
0.00060290
0.00048516
0.00062019
0.00017241
0.00055751
0.00047222
0.00041603
0.00072008
-0.00007764
0.00111109
0.00172736
-0.00009311
0.00023316
-0.00017762
0.00050034
0.00087318
0.00084082
0.00015661
0.00011039
0.00117075
0.00047457
-0.00031199
-0.00031567
0.00013261
0.00046192
0.00052954
0.00111973
0.00094659
-0.00007801
-0.00010565
0.00002712
-0.00056872
-0.00014233
0.00018606
0.00025671
-0.00010192
0.00038393
-0.00024754
0.00070143
0.00038443
0.00060437
0.00008504
-0.00013680
-0.00022912
0.00003214
-0.00026668
0.00007825
0.00002888
0.00028498
0.00016993
0.00105590
0.00125969
0.00060017
0.00028249
0.00027107
0.00020823
0.00002054
0.00176894
-0.00044959
-0.00009733
-0.00088241
0.00089850
0.00056944
0.00048086
0.00018862
0.00016603
0.00013310
0.00006723
0.00037154
-0.00016786
0.00089025
