DMM
0.00012529
-0.00080374
0.00046174
-0.00039699
-0.00111509
-0.00009562
0.00009235
-0.00031782
-0.00014366
-0.00004085
0.00026387
-0.00015956
-0.00011322
0.00054799
0.00022340
-0.00033662
-0.00021142
0.00006422
0.00005462
0.00016863
0.00024201
0.00014617
0.00009758
-0.00028946
-0.00010811
-0.00028507
-0.00020265
0.00038709
0.00034449
0.00033291
-0.00025819
-0.00022779
-0.00062940
-0.00026128
0.00015391
-0.00015885
-0.00078190
-0.00074796
-0.00012353
-0.00093654
-0.00024351
-0.00024827
-0.00053255
-0.00034229
0.00001682
-0.00066707
-0.00046953
0.00028831
-0.00002514
-0.00061625
0.00024892
-0.00011855
-0.00040876
-0.00023376
-0.00052533
-0.00053638
0.00049760
0.00019659
0.00014441
-0.00026620
-0.00027287
0.00030311
0.00028893
0.00025688
-0.00011705
-0.00058439
-0.00051038
-0.00045136
-0.00016959
-0.00024315
-0.00071049
-0.00053430
0.00006381
0.00005871
0.00010559
0.00003980
0.00017337
0.00020865
-0.00031769
-0.00159342
-0.00001763
-0.00041606
-0.00011699
0.00006600
0.00029963
0.00036233
-0.00026444
0.00017407
0.00017285
0.00000756
-0.00089716
-0.00031652
-0.00004574
-0.00010014
-0.00035312
-0.00044667
0.00046453
0.00021138
0.00017936
0.00043767
0.00042297
-0.00050770
-0.00178032
0.00036033
0.00043455
0.00043009
-0.00014932
0.00012167
0.00027277
-0.00057326
-0.00019021
-0.00126791
-0.00145366
-0.00019761
0.00009959
0.00077215
0.00059901
-0.00062412
-0.00078016
-0.00004783
0.00007225
-0.00034367
-0.00052054
0.00015990
-0.00014377
-0.00006106
-0.00008479
-0.00010265
-0.00043044
-0.00069103
-0.00091635
-0.00082341
0.00004587
0.00009171
-0.00065625
-0.00012208
-0.00037156
0.00015659
0.00004762
-0.00040905
-0.00020861
-0.00051088
0.00046684
-0.00046021
-0.00182445
-0.00035191
0.00004836
-0.00063468
-0.00043094
-0.00019339
-0.00022055
0.00032235
0.00035450
-0.00014126
-0.00095713
-0.00017704
-0.00016673
-0.00113587
-0.00029396
-0.00036139
-0.00005503
0.00006106
-0.00085285
-0.00004106
-0.00005080
-0.00035544
-0.00049098
0.00006667
-0.00007354
-0.00007431
-0.00057139
-0.00033022
-0.00066657
-0.00037391
-0.00038530
0.00035146
-0.00017734
-0.00016060
-0.00063497
-0.00060878
0.00048691
0.00001459
0.00017002
0.00021818
-0.00017944
-0.00043614
-0.00035583
-0.00009155
-0.00015882
-0.00008523
-0.00016903
-0.00016916
-0.00002004
-0.00037915
-0.00004545
-0.00019199
-0.00019935
-0.00028252
-0.00088881
-0.00012582
-0.00014130
-0.00041387
0.00067139
-0.00023423
-0.00014907
0.00000623
0.00006556
-0.00025626
-0.00070564
-0.00086762
-0.00017872
-0.00052267
-0.00028391
-0.00026255
-0.00041629
-0.00108731
-0.00111043
0.00040209
-0.00097198
-0.00000661
0.00012475
-0.00091642
-0.00028774
-0.00009444
-0.00015134
-0.00074642
-0.00107842
-0.00054822
-0.00028898
0.00003827
-0.00044832
0.00043118
-0.00088888
-0.00085737
-0.00007440
-0.00052471
-0.00128634
-0.00028617
-0.00004402
-0.00079787
0.00021122
0.00029406
-0.00073925
-0.00075698
-0.00080149
-0.00002901
-0.00061909
-0.00083151
0.00029801
0.00086423
0.00026706
0.00031284
-0.00012277
-0.00023149
-0.00048792
-0.00047884
-0.00001516
-0.00021275
-0.00067818
-0.00044594
-0.00049017
0.00030889
0.00013300
0.00016632
-0.00024964
-0.00003610
0.00013858
0.00066221
-0.00080021
-0.00017341
-0.00054603
-0.00117540
-0.00034632
-0.00034509
-0.00044107
-0.00023060
-0.00131581
0.00027466
0.00064522
-0.00002032
-0.00052392
0.00011511
-0.00025405
-0.00021692
-0.00009509
-0.00026658
-0.00027379
-0.00055205
-0.00066760
-0.00031395
-0.00035621
-0.00058862
-0.00041508
-0.00009776
0.00050701
0.00027746
0.00022918
0.00050004
-0.00031375
-0.00033757
-0.00083651
-0.00161571
-0.00006444
-0.00076685
-0.00064577
-0.00004829
-0.00009771
-0.00071251
-0.00046221
-0.00043933
-0.00008159
-0.00015603
-0.00018269
0.00005543
-0.00067612
-0.00062067
0.00000086
0.00009487
-0.00009304
-0.00050956
-0.00039019
0.00001374
-0.00054809
0.00029747
-0.00000920
-0.00027128
-0.00020714
-0.00019720
-0.00039872
-0.00028389
-0.00070518
0.00006399
-0.00053621
-0.00045236
-0.00030417
-0.00015459
-0.00033367
-0.00053308
-0.00018360
-0.00068992
-0.00061619
-0.00018128
-0.00017622
0.00023866
-0.00011392
-0.00010208
0.00001173
-0.00086123
-0.00040114
-0.00047880
-0.00070538
-0.00064583
-0.00072760
-0.00035222
0.00020775
-0.00061842
-0.00024019
-0.00015382
-0.00001055
-0.00001654
-0.00050253
0.00019178
-0.00055180
0.00006760
-0.00050161
-0.00053585
-0.00074903
0.00015269
-0.00049245
-0.00011173
0.00001573
-0.00013318
-0.00030330
0.00032562
0.00044402
-0.00068484
-0.00107559
-0.00070530
-0.00003137
-0.00025607
-0.00010981
-0.00064376
-0.00116106
-0.00023532
-0.00034619
-0.00019923
-0.00037587
0.00006460
0.00014269
0.00003913
0.00034401
-0.00010942
-0.00045443
-0.00025801
-0.00031866
-0.00074142
-0.00063923
-0.00022072
-0.00001992
-0.00038887
0.00109473
-0.00024189
-0.00040010
-0.00057721
-0.00057643
-0.00070755
-0.00068573
-0.00036685
-0.00077760
-0.00024741
-0.00074106
-0.00101924
-0.00060415
-0.00011124
0.00025564
-0.00037437
-0.00036429
-0.00034524
-0.00046211
-0.00084610
-0.00069939
-0.00031962
-0.00035619
-0.00015471
-0.00047619
0.00051886
-0.00097460
-0.00051801
-0.00045169
-0.00057629
-0.00010533
-0.00037772
0.00001113
0.00030549
0.00024563
0.00001810
-0.00036506
0.00056739
0.00060179
0.00066786
-0.00039160
-0.00114922
0.00007739
0.00019761
-0.00044367
-0.00049669
-0.00028806
-0.00041014
-0.00036971
-0.00116164
-0.00004792
-0.00082354
-0.00021078
0.00025988
-0.00009872
-0.00059055
0.00093053
0.00033509
0.00032095
0.00008887
-0.00084495
-0.00116930
-0.00044589
-0.00073261
-0.00075622
-0.00015562
-0.00021885
0.00000772
-0.00042440
-0.00094644
-0.00004594
-0.00046669
0.00036368
0.00055221
-0.00056272
-0.00014613
-0.00054608
-0.00006556
-0.00003717
-0.00000740
-0.00009435
-0.00031674
-0.00044052
-0.00054194
-0.00016770
0.00000920
-0.00006667
0.00045200
0.00015905
0.00017092
0.00047889
0.00042230
-0.00014340
-0.00041102
-0.00007768
0.00046650
-0.00047436
-0.00027949
-0.00063545
-0.00094697
0.00045208
0.00085976
0.00007872
-0.00043441
0.00005659
-0.00046825
-0.00053518
-0.00030298
-0.00060978
-0.00022878
-0.00054848
0.00053215
0.00046143
-0.00077199
-0.00026419
-0.00009219
-0.00059337
-0.00055998
-0.00020662
-0.00149962
-0.00015605
-0.00117060
-0.00027625
-0.00072916
0.00013836
-0.00068888
0.00002749
-0.00027398
-0.00021602
-0.00064733
-0.00030252
-0.00032118
-0.00004163
-0.00007944
-0.00155642
0.00011846
0.00097429
-0.00061005
-0.00072643
0.00023135
0.00020411
-0.00013829
-0.00049574
-0.00045200
-0.00044646
-0.00088997
-0.00086975
0.00027539
0.00041261
-0.00021765
0.00015601
-0.00020285
0.00007341
-0.00054075
-0.00018937
-0.00021235
-0.00015346
